1347.96
462.34
1934.31
1399.20
1147.74
837.81
2142.92
1968.03
1785.69
416.42
2054.38
1699.34
1228.25
727.08
35.84
218.61
871.68
352.34
396.79
2364.31
1065.99
284.82
11.17
21.31
903.80
1271.61
1366.13
1439.27
1452.19
397.59
1585.84
1078.18
842.19
136.42
1453.43
1873.50
1919.64
1243.43
722.19
2095.11
1738.03
2286.28
2214.09
1290.00
340.44
1105.18
562.85
2062.26
501.31
1864.74
2017.81
2384.09
2391.02
1462.55
938.61
636.72
711.02
2009.42
56.79
898.98
221.53
1619.71
134.45
21.02
2197.52
659.85
652.70
1406.13
1653.14
2003.36
1737.59
1159.85
491.17
1778.83
1120.44
1095.33
2270.15
1780.51
258.98
1432.77
921.39
1757.96
1456.50
1369.05
864.23
362.48
538.39
1016.86
1920.29
1236.79
2367.81
1797.52
826.50
404.16
1572.12
1176.50
151.97
1673.65
1207.37
352.77
2271.17
338.61
2164.82
1657.23
724.82
1020.22
168.32
2311.90
1634.01
366.50
2098.18
1965.26
1392.12
457.66
425.47
1954.53
1136.72
372.04
1205.26
1750.80
970.07
668.69
1360.29
1631.75
1807.81
1726.64
1136.79
294.23
879.71
1996.35
83.94
1236.57
1585.69
1019.42
250.36
2270.58
2203.72
1314.38
827.52
1128.25
896.86
2025.77
757.88
1090.88
650.29
2351.02
712.26
1767.96
1356.79
468.76
1820.88
2007.74
951.09
1198.03
2129.05
65.69
2378.91
1369.49
120.80
1270.80
464.16
2016.35
1499.05
1572.85
473.21
2014.23
294.96
262.92
1777.37
751.17
2250.80
684.23
804.38
335.47
1753.36
1996.20
1693.36
1435.62
1787.15
604.45
345.55
3.87
145.91
1928.32
2039.27
503.65
276.50
1323.14
34.09
272.12
1087.08
1799.12
1641.09
1299.78
176.72
1044.53
482.99
1665.18
694.45
1044.45
555.91
1382.12
1273.80
1503.65
383.14
1205.77
2303.36
1664.09
2211.90
454.31
803.50
426.57
2380.22
1094.09
2387.01
233.21
1495.26
225.77
1046.93
2227.96
115.84
2139.71
693.65
543.65
1839.42
982.34
483.07
1502.19
1444.96
1080.15
1115.40
1429.85
1518.10
2044.45
1982.26
1494.31
1724.23
1353.14
897.23
440.73
1764.89
1327.74
2164.74
580.88
451.90
1446.35
1670.66
1398.25
840.22
1182.6